This the UDP protocol of Besen WB with APP

**************************************************************************************************
Command: Stop Charging
**************************************************************************************************

WB Phil
06 01 00 48 00 91 81 10 27 51 21 95 13 31 32 33 34 35 36 80 08 01 38 36 30 30 37 39 37 39 38 35 37 38 39 32 34 33 00 00 00 00 00 00 00 00 00 00 00 00 00 00 00 00 00 00 00 00 00 00 00 00 00 00 00 00 00 00 07 cc 0f 02

WB Florent
06 01 00 48 00 49 57 91 72 43 50 64 89 31 32 33 34 35 36 80 08 01 38 36 30 37 37 31 34 30 38 36 37 38 36 32 34 33 00 00 00 00 00 00 00 00 00 00 00 00 00 00 00 00 00 00 00 00 00 00 00 00 00 00 00 00 00 00 08 7D 0F 02

Byte per byte :

06
01
00
48
00
91
81
10
27
51
21
95
13
31 : 1st byte password
32 : 2nd byte password
33 : 3rd byte password
34 : 4th byte password
35 : 5th byte password
36 : 6th byte password
80
08
01
38
36
30
30
37
39
37
39
38
35
37
38
39
32
34
33
00
00
00
00
00
00
00
00
00
00
00
00
00
00
00
00
00
00
00
00
00
00
00
00
00
00
00
00
00
00
07
cc
0f
02

**************************************************************************************************
Command: Start Charging
**************************************************************************************************
